Year, Name,Year in League,Team,G,Rush ,Yds ,Y/G ,Avg ,TD ,Rec ,Tgt ,Yds ,Y/G ,Avg ,Lng ,YAC ,1stD ,TD ,Fum ,FumL ,TD,Year Since 300 Yard Season,G Deviation,Rush  Deviation,Yds  Deviation,Y/G  Deviation,Avg  Deviation,TD  Deviation
2010, Ryan Grant,4,GNB,1,8,45,45,5.6,0,0,0,0,0,N/A ,0,N/A ,0,0,0,0,0,2,-15,-274,-1208,-33.3,1.2,-11
2007, Deuce McAllister,5,NOR,3,24,92,30.7,3.8,0,4,5,15,5,3.8,7,4,0,0,1,1,0,4,-12,-220,-965,-39.8,-0.5,-10
2004, Stephen Davis,2,CAR,2,24,92,46,3.8,0,2,2,32,16,16,22,13.5,2,0,0,0,0,1,-12,-294,-1352,-57.1,-0.7,-8
2007, Ricky Williams,5,MIA,1,6,15,15,2.5,0,0,0,0,0,N/A ,N/A ,N/A ,0,0,1,1,0,4,-11,-162,-728,-46.9,-1.9,-6
2012, Ryan Grant,6,GNB,4,32,132,26.4,4.1,2,1,2,34,6.8,34,34,35,1,0,1,1,2,4,-11,-102,-427,-10.9,-0.1,0
2005, Ahman Green,3,GNB,5,77,255,51,3.3,0,19,27,147,29.4,7.7,20,8.1,7,0,1,0,0,2,-10,-182,-908,-26.5,-1.2,-7
2012, Cedric Benson,8,GNB,5,71,248,49.6,3.5,1,14,15,97,19.4,6.9,18,7.2,4,0,1,0,1,3,-10,-202,-819,-21.5,-0.4,-5
2013, Doug Martin,2,TAM,6,127,456,76,3.6,1,12,24,66,11,5.5,13,5.3,1,0,1,0,1,1,-10,-192,-998,-14.9,-1,-10
2012, Maurice Jones-Drew,7,JAC,6,86,414,69,4.8,1,14,18,86,14.3,6.1,13,5.4,3,1,1,0,2,3,-10,-257,-1192,-31.4,0.1,-7
2005, Deuce McAllister,3,NOR,5,93,335,67,3.6,3,17,18,117,23.4,6.9,22,6.2,4,0,0,0,3,2,-9,-176,-739,-9.7,-0.4,-6
2010, Marshawn Lynch,4,BUF,4,202,737,46.1,3.6,6,22,28,145,9.1,6.6,22,6.9,5,0,4,4,6,-2,-9,82,287,11.5,-0.2,4
2012, Rashard Mendenhall,5,PIT,6,51,182,30.3,3.6,0,9,11,62,10.3,6.9,15,11.2,5,1,3,1,1,2,-9,-177,-746,-31.6,-0.5,-9
2008, Shaun Alexander,6,WAS,4,11,24,6,2.2,0,1,1,9,2.3,9,9,7,0,0,0,0,0,5,-9,-196,-692,-49.1,-1.3,-4
2007, Ahman Green,5,HOU,6,70,260,43.3,3.7,2,14,19,123,20.5,8.8,53,9.7,2,0,0,0,2,4,-8,-196,-799,-32.3,-0.3,-3
2013, Arian Foster,5,HOU,8,121,542,67.8,4.5,1,22,35,183,22.9,8.3,41,9.9,6,1,0,0,2,3,-8,-230,-882,-21.2,0.4,-14
2006, Clinton Portis,4,WAS,8,127,523,65.4,4.1,7,17,26,170,21.3,10,74,11.4,5,0,0,0,7,2,-8,-225,-993,-29.4,-0.2,-4
2009, Clinton Portis,7,WAS,8,124,494,61.8,4,1,9,12,57,7.1,6.3,10,7.4,2,1,1,1,2,5,-8,-218,-993,-31.1,-0.3,-8
2007, Larry Johnson,5,KAN,8,158,559,69.9,3.5,3,30,42,186,23.3,6.2,30,8.5,9,1,1,1,4,2,-8,-258,-1230,-41.9,-0.8,-14
2004, Priest Holmes,2,KAN,8,196,892,111.5,4.6,14,19,25,187,23.4,9.8,52,12.2,7,1,4,2,15,1,-8,-124,-528,22.7,0.2,-13
2009, Fred Taylor,7,NWE,6,63,269,44.8,4.3,4,2,3,17,2.8,8.5,13,9.5,1,0,1,1,4,6,-7,-80,-287,2,0.4,3
2009, Jamal Lewis,7,CLE,9,143,500,55.6,3.5,0,8,11,88,9.8,11,19,9.4,5,0,0,0,0,6,-7,-136,-502,-7,-0.1,-4
2009, Edgerrin James,7,SEA,7,46,125,17.9,2.7,0,3,3,19,2.7,6.3,7,7,1,0,1,0,0,6,-6,-87,-389,-21.6,-1.2,-3
2006, Shaun Alexander,4,SEA,10,252,896,89.6,3.6,7,12,16,48,4.8,4,14,4.7,2,0,6,3,7,3,-6,-118,-984,-27.9,-1.5,-20
2009, Larry Johnson,7,CIN,7,178,581,41.5,3.3,0,15,21,80,5.7,5.3,22,6.3,4,0,2,1,0,4,-5,-15,-293,-31.3,-1.2,-5
2010, Larry Johnson,8,WAS,2,5,2,1,0.4,0,0,0,0,0,N/A ,0,N/A ,0,0,0,0,0,5,-5,-173,-579,-40.5,-2.9,0
2009, Michael Turner,6,ATL,11,178,871,79.2,4.9,10,5,7,35,3.2,7,10,5,2,0,4,2,10,1,-5,-198,-828,-27,0.4,-7
2007, Rudi Johnson,5,CIN,11,170,497,45.2,2.9,3,13,16,110,10,8.5,33,9.3,3,1,3,2,4,3,-5,-171,-812,-36.6,-0.9,-9
2004, Travis Henry,2,BUF,10,94,326,32.6,3.5,0,10,15,45,4.5,4.5,10,4.8,4,0,0,0,0,1,-5,-237,-1030,-57.8,-0.6,-10
2012, Willis McGahee,9,DEN,10,167,731,73.1,4.4,4,26,33,221,22.1,8.5,31,9.2,10,0,5,4,4,7,-5,-82,-468,-6.8,-0.4,0
2007, Cedric Benson,3,CHI,11,196,674,61.3,3.4,4,17,27,123,11.2,7.2,19,8.2,5,0,3,2,4,-2,-4,39,27,18.2,-0.7,-2
2011, Chester Taylor,9,ARI,12,20,77,6.4,3.9,1,14,24,91,7.6,6.5,17,6.6,3,0,0,0,1,5,-4,-92,-190,-10.3,1.5,-2
2005, Curtis Martin,3,NYJ,12,220,735,61.3,3.3,5,24,30,118,9.8,4.9,14,5,3,0,2,1,5,2,-4,-151,-962,-44.8,-1.3,-7
2005, Domanick Williams,3,HOU,11,230,976,88.7,4.2,2,39,48,337,30.6,8.6,33,7.8,18,4,1,1,6,1,-4,-72,-212,9.5,0.3,-11
2004, Jamal Lewis,2,BAL,12,235,1006,83.8,4.3,7,10,12,116,9.7,11.6,46,12.3,5,0,2,0,7,1,-4,-152,-1060,-45.3,-1,-7
2011, Matt Forte,4,CHI,12,203,997,83.1,4.9,3,52,76,490,40.8,9.4,56,8.8,19,1,2,2,4,3,-4,-34,-72,16.3,0.4,-3
2005, Ricky Williams,3,MIA,12,168,743,61.9,4.4,6,17,20,93,7.8,5.5,19,6.1,3,0,1,1,6,2,-4,-224,-629,-23.9,0.9,-3
2007, Steven Jackson,4,STL,12,237,1002,83.5,4.2,5,38,52,271,22.6,7.1,37,8,13,1,5,2,6,1,-4,-109,-526,-12,-0.2,-8
2013, Steven Jackson,10,ATL,12,157,543,45.3,3.5,6,33,49,191,15.9,5.8,25,6.4,10,1,0,0,7,7,-4,-100,-499,-19.8,-0.6,2
2008, Willie Parker,5,PIT,11,210,791,71.9,3.8,5,3,10,13,1.2,4.3,5,6.3,0,0,0,0,5,2,-4,-111,-525,-15.8,-0.3,3
2011, Adrian Peterson,5,MIN,12,208,970,80.8,4.7,12,18,23,139,11.6,7.7,22,7,5,1,1,0,13,3,-3,-75,-328,-5.7,0.1,0
2011, Arian Foster,3,HOU,13,278,1224,94.2,4.4,10,53,72,617,47.5,11.6,78,12.1,19,2,5,3,12,1,-3,-49,-392,-6.8,-0.5,-6
2010, Clinton Portis,8,WAS,5,54,227,45.4,4.2,2,5,9,55,11,11,14,13,4,0,0,0,2,6,-3,-70,-267,-16.4,0.2,1
2005, Corey Dillon,3,NWE,12,209,733,61.1,3.5,12,22,26,181,15.1,8.2,25,9.5,8,1,1,1,13,1,-3,-136,-902,-47.9,-1.2,0
2004, Eddie George,2,DAL,13,132,432,33.2,3.3,4,9,13,83,6.4,9.2,28,6.7,1,0,3,1,4,1,-3,-180,-599,-31.2,0,-1
2008, Edgerrin James,6,ARI,13,133,514,39.5,3.9,3,12,18,85,6.5,7.1,16,5.7,4,0,2,2,3,5,-3,-191,-708,-36.9,0.1,-4
2010, Frank Gore,6,SFO,11,203,853,77.5,4.2,3,46,72,452,41.1,9.8,41,10.4,16,2,4,2,5,4,-3,-26,-267,-2.5,-0.7,-7
2005, Fred Taylor,3,JAC,11,194,787,71.5,4.1,3,13,18,83,7.5,6.4,13,5.6,4,0,0,0,3,2,-3,-66,-437,-15.9,-0.6,1
2009, LenDale White,4,TEN,13,64,222,17.1,3.5,2,3,5,14,1.1,4.7,7,6,0,0,1,1,2,2,-3,-136,-551,-31.2,-0.4,-13
2012, LeSean McCoy,4,PHI,12,200,840,70,4.2,2,54,67,373,31.1,6.9,36,9.6,19,3,4,3,5,-1,-3,-73,-469,-17.3,-0.6,-15
2006, Michael Turner,3,SDG,13,80,502,38.6,6.3,2,3,3,47,3.6,15.7,30,14.3,2,0,0,0,2,-2,-3,23,167,17.7,0.4,-1
2007, Priest Holmes,5,KAN,4,46,137,34.3,3,0,5,10,17,4.3,3.4,8,7.8,0,0,0,0,0,4,-3,-73,-314,-30.1,-0.8,-6
2013, Adrian Peterson,7,MIN,14,279,1266,90.4,4.5,10,29,40,171,12.2,5.9,22,5.7,11,1,5,3,11,5,-2,-69,-831,-40.7,-1.5,-2
2004, Deuce McAllister,2,NOR,14,269,1074,76.7,4,9,34,48,228,16.3,6.7,20,7.9,5,0,5,4,9,1,-2,-82,-567,-25.9,-0.7,1
2004, Fred Taylor,2,JAC,14,260,1224,87.4,4.7,2,36,58,345,24.6,9.6,64,8.2,17,1,3,2,3,1,-2,-85,-348,-10.9,0.1,-4
2008, Fred Taylor,6,JAC,13,143,556,42.8,3.9,1,16,22,98,7.5,6.1,17,6,2,0,1,1,1,5,-2,-80,-646,-37.3,-1.5,-4
2009, LaDainian Tomlinson,7,SDG,14,223,730,52.1,3.3,12,20,30,154,11,7.7,36,7.9,7,0,2,2,12,6,-2,-69,-380,-17.3,-0.5,1
2009, Marshawn Lynch,3,BUF,13,120,450,34.6,3.8,2,28,37,179,13.8,6.4,35,7.3,6,0,3,1,2,-3,-2,-130,-586,-34.5,-0.3,-6
2010, Maurice Jones-Drew,5,JAC,14,299,1324,94.6,4.4,5,34,44,317,22.6,9.3,75,9.6,11,2,2,2,7,1,-2,-13,-67,7.7,-0.1,-10
2006, Reuben Droughns,4,CLE,14,220,758,54.1,3.4,4,27,33,169,12.1,6.3,24,8.6,10,0,5,4,4,1,-2,-89,-474,-22.9,-0.6,2
2004, Thomas Jones,2,CHI,14,240,948,67.7,4,7,56,72,427,30.5,7.6,45,7.4,16,0,2,1,7,-1,-2,103,321,28.5,-0.6,4
2007, Travis Henry,5,DEN,12,167,691,57.6,4.1,4,7,14,65,5.4,9.3,21,9.7,2,0,3,1,4,4,-2,-103,-520,-28.9,-0.4,-3
2006, Willis McGahee,3,BUF,14,259,990,70.7,3.8,6,18,28,156,11.1,8.7,56,11.8,4,0,4,2,6,1,-2,-66,-257,-7.2,0,1
2008, Willis McGahee,5,BAL,13,170,671,51.6,3.9,7,24,32,173,13.3,7.2,35,8.4,8,0,3,3,7,3,-2,-124,-536,-28.9,-0.2,0
2010, Adrian Peterson,4,MIN,15,283,1298,86.5,4.6,12,36,50,341,22.7,9.5,34,9.7,17,1,1,1,13,2,-1,-31,-85,0.1,0.2,-6
2004, Ahman Green,2,GNB,15,259,1163,77.5,4.5,7,40,51,275,18.3,6.9,48,8.1,17,1,7,4,8,1,-1,-96,-720,-40.2,-0.8,-8
2011, Cedric Benson,7,CIN,15,273,1067,71.1,3.9,6,15,22,82,5.5,5.5,11,6.5,3,0,5,2,6,2,-1,-48,-44,1.7,0.4,-1
2005, Chester Taylor,3,BAL,15,117,487,32.5,4.2,0,41,52,292,19.5,7.1,20,7.3,13,1,2,2,1,-1,-1,-43,-227,-12.1,-0.3,-2
2007, Chester Taylor,5,MIN,14,157,844,60.3,5.4,7,29,43,281,20.1,9.7,50,9.4,12,0,5,4,7,1,-1,-146,-372,-20.8,1.4,1
2005, Edgerrin James,3,IND,15,360,1506,100.4,4.2,13,44,50,337,22.5,7.7,20,7.4,21,1,2,1,14,2,-1,26,-42,3.6,-0.4,4
2007, Frank Gore,3,SFO,15,260,1102,73.5,4.2,5,53,69,436,29.1,8.2,23,7.8,20,1,4,3,6,1,-1,-52,-593,-32.4,-1.2,-3
2008, Frank Gore,4,SFO,14,240,1036,74,4.3,6,43,66,373,26.6,8.7,26,8.1,15,2,6,3,8,2,-1,-20,-66,0.5,0.1,1
2007, Jamal Lewis,5,CLE,15,298,1304,86.9,4.4,9,30,39,248,16.5,8.3,34,7.9,9,2,4,2,11,4,-1,-16,172,16.1,0.8,0
2004, LaDainian Tomlinson,2,SDG,15,339,1335,89,3.9,17,53,66,441,29.4,8.3,74,9.6,16,1,6,2,18,1,-1,26,-310,-13.8,-1.4,4
2011, LaDainian Tomlinson,9,NYJ,14,75,280,20,3.7,1,42,61,449,32.1,10.7,74,9.6,12,2,0,0,3,8,-1,-144,-634,-40.9,-0.5,-5
2011, Larry Johnson,9,MIA,1,1,2,2,2,0,0,0,0,0,N/A ,0,N/A ,0,0,0,0,0,6,-1,-4,0,1,1.6,0
2010, LeSean McCoy,2,PHI,15,207,1080,72,5.2,7,78,90,592,39.5,7.6,40,9.7,32,2,2,1,9,-3,-1,52,443,32.2,1.1,3
2007, Maurice Jones-Drew,2,JAC,15,167,768,51.2,4.6,9,40,55,407,27.1,10.2,43,9.9,22,0,2,2,9,-2,-1,1,-173,-7.6,-1.1,-4
2005, Priest Holmes,3,KAN,7,119,451,64.4,3.8,6,21,32,197,28.1,9.4,60,11.1,7,1,1,0,7,2,-1,-77,-441,-47.1,-0.8,-8
2011, Rashard Mendenhall,4,PIT,15,228,928,61.9,4.1,9,18,28,154,10.3,8.6,35,9.3,5,0,1,1,9,1,-1,-96,-345,-17.7,0.2,-4
2013, Ray Rice,6,BAL,15,214,660,44,3.1,4,58,73,321,21.4,5.5,22,6.5,13,0,2,2,4,3,-1,-43,-483,-27.4,-1.3,-5
2011, Steven Jackson,8,STL,15,260,1145,76.3,4.4,5,42,58,333,22.2,7.9,50,7.6,17,1,2,1,6,5,-1,-70,-96,-1.3,0.6,-1
2007, Willie Parker,4,PIT,15,321,1316,87.7,4.1,2,23,31,164,10.9,7.1,22,6.1,7,0,4,3,2,1,-1,-16,-178,-5.7,-0.3,-11
2010, Willis McGahee,7,BAL,15,100,380,25.3,3.8,5,14,18,55,3.7,3.9,32,7.1,2,1,2,2,6,5,-1,-9,-164,-8.7,-1.2,-7
2009, Adrian Peterson,3,MIN,16,314,1383,86.4,4.4,18,43,57,436,27.3,10.1,63,10.4,16,0,7,6,18,1,0,-49,-377,-23.6,-0.4,8
2009, Ahman Green,7,GNB,8,41,160,20,3.9,1,3,5,18,2.3,6,12,7.7,2,0,0,0,1,6,0,-33,-134,-16.8,-0.1,-2
2013, Alfred Morris,2,WAS,16,276,1275,79.7,4.6,7,9,12,78,4.9,8.7,17,8.9,2,0,5,4,7,1,0,-59,-338,-21.1,-0.2,-6
2004, Chester Taylor,2,BAL,16,160,714,44.6,4.5,2,30,38,184,11.5,6.1,23,6.3,10,0,1,1,2,-2,0,97,438,27.3,0.1,0
2006, Chester Taylor,4,MIN,15,303,1216,81.1,4,6,42,51,288,19.2,6.9,24,7.4,16,0,5,3,6,0,0,186,729,48.6,-0.2,6
2009, Chester Taylor,7,MIN,16,94,338,21.1,3.6,1,44,59,389,24.3,8.8,33,8.4,17,1,2,0,2,3,0,-7,-61,-3.8,-0.4,-3
2010, Chester Taylor,8,CHI,16,112,267,16.7,2.4,3,20,26,139,8.7,7,18,6.3,7,0,0,0,3,4,0,18,-71,-4.4,-1.2,2
2010, Chris Johnson,3,TEN,16,316,1364,85.3,4.3,11,44,57,245,15.3,5.6,25,6.2,9,1,3,2,12,1,0,-42,-642,-40.1,-1.3,-3
2011, Chris Johnson,4,TEN,16,262,1047,65.4,4,4,57,79,418,26.1,7.3,34,6.8,13,0,3,1,4,2,0,-54,-317,-19.9,-0.3,-7
2012, Chris Johnson,5,TEN,16,276,1243,77.7,4.5,6,36,49,232,14.5,6.4,22,6.8,7,0,5,4,6,3,0,14,196,12.3,0.5,2
2013, Chris Johnson,6,TEN,16,279,1077,67.3,3.9,6,42,52,345,21.6,8.2,66,9.5,10,4,4,2,10,4,0,3,-166,-10.4,-0.6,0
2008, Clinton Portis,6,WAS,16,342,1487,92.9,4.3,9,28,36,218,13.6,7.8,29,8.7,11,0,3,3,9,4,0,17,225,14,0.4,-2
2004, Curtis Martin,2,NYJ,16,371,1697,106.1,4.6,12,41,49,245,15.3,6,22,7.2,12,2,2,0,14,1,0,48,389,24.3,0.6,10
2007, Edgerrin James,5,ARI,16,324,1222,76.4,3.8,7,24,38,204,12.8,8.5,26,8.4,9,0,5,0,7,4,0,-13,63,4,0.4,1
2009, Frank Gore,5,SFO,14,229,1120,80,4.9,10,52,75,406,29,7.8,48,7.7,13,3,4,2,13,3,0,-11,84,6,0.6,4
2012, Frank Gore,8,SFO,16,258,1214,75.9,4.7,8,28,36,234,14.6,8.4,26,8.3,10,1,2,1,9,6,0,-24,3,0.2,0.4,0
2013, Frank Gore,9,SFO,16,276,1128,70.5,4.1,9,16,26,141,8.8,8.8,29,6.4,5,0,3,3,9,7,0,18,-86,-5.4,-0.6,1
2007, Fred Taylor,5,JAC,15,223,1202,80.1,5.4,5,9,14,58,3.9,6.4,18,6.1,2,0,2,1,5,4,0,-8,56,3.7,0.4,0
2006, LaDainian Tomlinson,4,SDG,16,348,1815,113.4,5.2,28,56,80,508,31.8,9.1,51,9.6,22,3,2,1,31,3,0,9,353,22,0.9,10
2007, LaDainian Tomlinson,5,SDG,16,315,1474,92.1,4.7,15,60,86,475,29.7,7.9,36,9.6,21,3,0,0,18,4,0,-33,-341,-21.3,-0.5,-13
2008, LaDainian Tomlinson,6,SDG,16,292,1110,69.4,3.8,11,52,77,426,26.6,8.2,32,9.3,18,1,1,0,12,5,0,-23,-364,-22.7,-0.9,-4
2006, Larry Johnson,4,KAN,16,416,1789,111.8,4.3,17,41,67,410,25.6,10,78,11.5,21,2,2,2,19,1,0,80,39,2.4,-0.9,-3
2008, LenDale White,3,TEN,16,200,773,48.3,3.9,15,5,10,16,1,3.2,7,3.4,1,0,1,1,15,1,0,-103,-337,-21.1,0.2,8
2011, LeSean McCoy,3,PHI,15,273,1309,87.3,4.8,17,48,69,315,21,6.6,26,8.8,18,3,1,1,20,-2,0,66,229,15.3,-0.4,10
2013, Marshawn Lynch,7,SEA,16,301,1257,78.6,4.2,12,36,44,316,19.8,8.8,55,8.1,12,2,4,1,14,1,0,-14,-333,-20.8,-0.8,1
2009, Matt Forte,2,CHI,16,258,929,58.1,3.6,4,57,72,471,29.4,8.3,37,8.4,17,0,6,3,4,1,0,-58,-309,-19.3,-0.3,-4
2010, Matt Forte,3,CHI,16,237,1069,66.8,4.5,6,51,70,547,34.2,10.7,89,9.5,21,3,3,2,9,2,0,-21,140,8.7,0.9,2
2009, Maurice Jones-Drew,4,JAC,16,312,1391,86.9,4.5,15,53,71,374,23.4,7.1,19,7.2,16,1,2,1,16,0,0,115,567,35.4,0.3,3
2008, Michael Turner,5,ATL,16,376,1699,106.2,4.5,17,6,9,41,2.6,6.8,18,6,2,0,3,2,17,0,0,305,1383,86.4,0,16
2011, Michael Turner,8,ATL,16,301,1340,83.8,4.5,11,17,26,168,10.5,9.9,32,8.8,8,0,3,2,11,3,0,-33,-31,-1.9,0.4,-1
2012, Michael Turner,9,ATL,16,222,800,50,3.6,10,19,30,128,8,6.7,60,7.8,2,1,3,1,11,4,0,-79,-540,-33.8,-0.9,-1
2010, Rashard Mendenhall,3,PIT,16,324,1273,79.6,3.9,13,23,34,167,10.4,7.3,24,8.1,6,0,2,2,13,0,0,82,165,10.3,-0.7,6
2010, Ray Rice,3,BAL,16,307,1220,76.3,4,5,63,82,556,34.8,8.8,34,9.2,23,1,0,0,6,0,0,53,-119,-7.4,-1.3,-2
2011, Ray Rice,4,BAL,16,291,1364,85.3,4.7,12,76,104,704,44,9.3,52,9.2,30,3,2,2,15,1,0,-16,144,9,0.7,7
2012, Ray Rice,5,BAL,16,257,1143,71.4,4.4,9,61,83,478,29.9,7.8,43,8.3,22,1,1,0,10,2,0,-34,-221,-13.9,-0.3,-3
2005, Reuben Droughns,3,CLE,16,309,1232,77,4,2,39,56,369,23.1,9.5,51,9.8,14,0,6,1,2,0,0,34,-8,-0.5,-0.5,-4
2009, Ricky Williams,7,MIA,16,241,1121,70.1,4.7,11,35,53,264,16.5,7.5,59,7.3,9,2,4,2,13,6,0,81,462,28.9,0.6,7
2010, Ricky Williams,8,MIA,16,159,673,42.1,4.2,2,19,30,141,8.8,7.4,28,7.4,6,1,4,2,3,7,0,-82,-448,-28,-0.5,-9
2011, Ricky Williams,9,BAL,16,108,444,27.8,4.1,2,13,20,83,5.2,6.4,18,5.5,5,0,2,2,2,8,0,-51,-229,-14.3,-0.1,0
2005, Rudi Johnson,3,CIN,16,337,1458,91.1,4.3,12,23,30,90,5.6,3.9,15,5.3,2,0,1,0,12,1,0,-24,4,0.2,0.3,0
2006, Rudi Johnson,4,CIN,16,341,1309,81.8,3.8,12,23,31,124,7.8,5.4,18,4.6,4,0,6,2,12,2,0,4,-149,-9.3,-0.5,0
2009, Ryan Grant,3,GNB,16,282,1253,78.3,4.4,11,25,30,197,12.3,7.9,27,8.2,9,0,1,1,11,1,0,-30,50,3.1,0.5,7
2004, Shaun Alexander,2,SEA,16,353,1696,106,4.8,16,23,38,170,10.6,7.4,24,8.8,9,4,4,3,20,1,0,27,261,16.3,0.4,2
2005, Shaun Alexander,3,SEA,16,370,1880,117.5,5.1,27,15,29,78,4.9,5.2,9,5.3,3,1,5,1,28,2,0,17,184,11.5,0.3,11
2008, Steven Jackson,5,STL,12,253,1042,86.8,4.1,7,40,62,379,31.6,9.5,53,10.3,15,1,5,3,8,2,0,16,40,3.3,-0.1,2
2007, Thomas Jones,5,NYJ,16,310,1119,69.9,3.6,1,28,34,217,13.6,7.8,25,8.5,8,1,2,0,2,2,0,14,-91,-5.7,-0.5,-5
2008, Thomas Jones,6,NYJ,16,290,1312,82,4.5,13,36,42,207,12.9,5.8,19,6.9,12,2,2,1,15,3,0,-20,193,12.1,0.9,12
2009, Thomas Jones,7,NYJ,16,331,1402,87.6,4.2,14,10,18,58,3.6,5.8,28,7.1,4,0,2,0,14,4,0,41,90,5.6,-0.3,1
2010, Thomas Jones,8,KAN,16,245,896,56,3.7,6,14,20,122,7.6,8.7,20,8.7,8,0,3,1,6,5,0,-86,-506,-31.6,-0.5,-8
2011, Thomas Jones,9,KAN,16,153,478,29.9,3.1,0,5,7,43,2.7,8.6,27,11.2,1,0,0,0,0,6,0,-92,-418,-26.1,-0.6,-6
2004, Tiki Barber,2,NYG,16,322,1518,94.9,4.7,13,52,79,578,36.1,11.1,62,10.4,18,2,5,2,15,0,0,44,302,18.9,0.3,11
2005, Tiki Barber,3,NYG,16,357,1860,116.3,5.2,9,54,70,530,33.1,9.8,48,9.7,20,2,1,1,11,1,0,35,342,21.4,0.5,-4
2006, Tiki Barber,4,NYG,16,327,1662,103.9,5.1,5,58,81,465,29.1,8,28,8.5,23,0,3,1,5,2,0,-30,-198,-12.4,-0.1,-4
2005, Travis Henry,3,TEN,10,88,335,33.5,3.8,0,13,20,117,11.7,9,42,10.4,5,0,2,1,0,2,0,-6,9,0.9,0.3,0
2005, Willis McGahee,2,BUF,16,325,1247,77.9,3.8,5,28,37,178,11.1,6.4,19,8.5,10,0,1,1,5,0,0,41,119,7.4,-0.2,-8
2011, Willis McGahee,8,DEN,15,249,1199,79.9,4.8,4,12,20,51,3.4,4.3,12,3.9,2,1,4,3,5,6,0,149,819,54.6,1,-1
2008, Cedric Benson,4,CIN,12,214,747,62.3,3.5,2,20,26,185,15.4,9.3,79,10.9,6,0,2,1,2,-1,1,18,73,1,0.1,-2
2009, Cedric Benson,5,CIN,13,301,1251,96.2,4.2,6,17,24,111,8.5,6.5,19,6.8,5,0,1,0,6,0,1,87,504,33.9,0.7,4
2009, Chris Johnson,2,TEN,16,358,2006,125.4,5.6,14,50,71,503,31.4,10.1,69,10.8,18,2,3,3,16,0,1,107,778,43.5,0.7,5
2005, Clinton Portis,3,WAS,16,352,1516,94.8,4.3,11,30,41,216,13.5,7.2,23,4.4,13,0,3,2,11,1,1,9,201,7.1,0.5,6
2004, Domanick Williams,2,HOU,15,302,1188,79.2,3.9,13,68,84,588,39.2,8.6,38,7.7,27,1,4,4,14,0,1,64,157,5.6,-0.4,5
2006, Edgerrin James,4,ARI,16,337,1159,72.4,3.4,6,38,61,217,13.6,5.7,14,5,9,0,3,3,6,3,1,-23,-347,-28,-0.8,-7
2010, Fred Taylor,8,NWE,7,43,155,22.1,3.6,0,2,3,6,0.9,3,7,2.5,0,0,0,0,0,7,1,-20,-114,-22.7,-0.7,-4
2006, Jamal Lewis,4,BAL,16,314,1132,70.8,3.6,9,18,26,115,7.2,6.4,15,7.6,5,0,4,2,9,3,1,45,226,10.4,0.2,6
2008, Jamal Lewis,6,CLE,16,279,1002,62.6,3.6,4,23,32,178,11.1,7.7,18,8.3,8,0,2,1,4,5,1,-19,-302,-24.3,-0.8,-5
2005, LaDainian Tomlinson,3,SDG,16,339,1462,91.4,4.3,18,51,77,370,23.1,7.3,41,9.1,15,2,3,1,20,2,1,0,127,2.4,0.4,1
2010, LaDainian Tomlinson,8,NYJ,15,219,914,60.9,4.2,6,52,79,368,24.5,7.1,21,7,19,0,4,0,6,7,1,-4,184,8.8,0.9,-6
2012, Marshawn Lynch,6,SEA,16,315,1590,99.4,5,11,23,30,196,12.3,8.5,27,9,11,1,5,2,12,0,1,30,386,19.1,0.8,-1
2013, Matt Forte,6,CHI,16,289,1339,83.7,4.6,9,74,94,594,37.1,8,34,7.5,23,3,2,2,12,5,1,41,245,10.8,0.2,4
2008, Maurice Jones-Drew,3,JAC,16,197,824,51.5,4.2,12,62,75,565,35.3,9.1,26,9.4,27,2,6,2,14,-1,1,30,56,0.3,-0.4,3
2004, Reuben Droughns,2,DEN,16,275,1240,77.5,4.5,6,32,44,241,15.1,7.5,23,7.7,14,2,5,3,8,-1,1,269,1226,76.6,2.2,6
2008, Ryan Grant,2,GNB,16,312,1203,75.2,3.9,4,18,22,116,7.3,6.4,17,8.3,3,1,4,3,5,0,1,124,247,11.5,-1.2,-4
2005, Steven Jackson,2,STL,15,254,1046,69.7,4.1,8,43,55,320,21.3,7.4,27,7.9,12,2,3,3,10,-1,1,120,373,21.6,-0.9,4
2006, Steven Jackson,3,STL,16,346,1528,95.5,4.4,13,90,110,806,50.4,9,64,8.8,31,3,4,2,16,0,1,92,482,25.8,0.3,5
2010, Steven Jackson,7,STL,16,330,1241,77.6,3.8,6,46,61,383,23.9,8.3,49,8.6,14,0,1,1,6,4,1,6,-175,-16.8,-0.6,2
2012, Steven Jackson,9,STL,16,257,1042,65.1,4.1,4,38,53,321,20.1,8.4,22,7.8,13,0,0,0,4,6,1,-3,-103,-11.2,-0.3,-1
2005, Thomas Jones,3,CHI,15,314,1335,89,4.3,9,26,39,143,9.5,5.5,41,7.2,6,0,2,2,9,0,1,74,387,21.3,0.3,2
2006, Thomas Jones,4,CHI,16,296,1210,75.6,4.1,6,36,47,154,9.6,4.3,21,7.3,5,0,1,1,6,1,1,-18,-125,-13.4,-0.2,-3
2006, Willie Parker,3,PIT,16,337,1494,93.4,4.4,13,31,42,222,13.9,7.2,25,8.4,12,3,7,5,16,0,1,82,292,13.3,-0.3,9
2007, Willis McGahee,4,BAL,15,294,1207,80.5,4.1,7,43,49,231,15.4,5.4,30,7.6,10,1,4,3,8,2,1,35,217,9.8,0.3,1
2008, Adrian Peterson,2,MIN,16,363,1760,110,4.8,10,21,39,125,7.8,6,16,6.6,4,0,9,4,10,0,2,125,419,14.2,-0.8,-2
2008, Ahman Green,6,HOU,8,74,294,36.8,4,3,11,14,32,4,2.9,8,6.5,0,0,0,0,3,5,2,4,34,-6.5,0.3,1
2008, Chester Taylor,6,MIN,16,101,399,24.9,4,4,45,55,399,24.9,8.9,47,8.6,17,2,2,2,6,2,2,-56,-445,-35.4,-1.4,-3
2004, Clinton Portis,2,WAS,15,343,1315,87.7,3.8,5,40,57,235,15.7,5.9,18,4.4,10,2,5,4,7,0,2,53,-276,-34.7,-1.7,-9
2004, Corey Dillon,2,NWE,15,345,1635,109,4.7,12,15,21,103,6.9,6.9,20,8.1,3,1,5,4,13,0,2,207,1094,67.4,0.8,10
2006, Frank Gore,2,SFO,16,312,1695,105.9,5.4,8,61,86,485,30.3,8,39,7.6,21,1,6,5,9,0,2,185,1087,62.5,0.6,5
2008, Marshawn Lynch,2,BUF,15,250,1036,69.1,4.1,8,47,67,300,20,6.4,42,8.4,14,1,2,1,9,-4,2,-30,-79,-16.7,0.1,1
2011, Maurice Jones-Drew,6,JAC,16,343,1606,100.4,4.7,8,43,64,374,23.4,8.7,48,9.8,18,3,6,1,11,2,2,44,282,5.8,0.3,3
2005, Michael Turner,2,SDG,16,57,335,20.9,5.9,3,0,1,0,0,N/A ,N/A ,N/A ,0,0,0,0,3,-3,2,37,231,13.5,0.7,3
2007, Reuben Droughns,5,NYG,16,85,275,17.2,3.2,6,7,15,49,3.1,7,11,6.3,1,0,1,0,6,2,2,-135,-483,-36.9,-0.2,2
2006, Stephen Davis,4,STL,15,40,177,11.8,4.4,0,12,17,90,6,7.5,18,6,5,1,1,1,1,3,2,-140,-372,-30.4,1.3,-12
2013, Willis McGahee,10,CLE,12,138,377,31.4,2.7,2,8,11,20,1.7,2.5,9,1.4,0,0,1,1,2,8,2,-29,-354,-41.7,-1.7,-2
2012, Arian Foster,4,HOU,16,351,1424,89,4.1,15,40,58,217,13.6,5.4,23,7.3,10,2,3,2,17,2,3,73,200,-5.2,-0.3,5
2010, Cedric Benson,6,CIN,16,321,1111,69.4,3.5,7,28,37,178,11.1,6.4,24,7.2,9,1,7,5,8,1,3,20,-140,-26.8,-0.7,1
2004, Edgerrin James,2,IND,16,334,1548,96.8,4.6,9,51,60,483,30.2,9.5,56,8.5,20,0,6,2,9,1,3,24,289,0,0.5,-2
2005, Jamal Lewis,3,BAL,15,269,906,60.4,3.4,3,32,44,191,12.7,6,15,7.3,6,1,5,5,4,2,3,34,-100,-23.4,-0.9,-4
2007, LenDale White,2,TEN,16,303,1110,69.4,3.7,7,20,31,114,7.1,5.7,15,6.5,7,0,5,5,7,0,3,242,866,50.6,-0.3,7
2012, Matt Forte,5,CHI,15,248,1094,72.9,4.4,5,44,60,340,22.7,7.7,47,7.3,15,1,2,1,6,4,3,45,97,-10.2,-0.5,2
2007, Michael Turner,4,SDG,16,71,316,19.8,4.5,1,4,7,16,1,4,12,6.8,1,0,1,1,1,-1,3,-9,-186,-18.8,-1.8,-1
2009, Ray Rice,2,BAL,16,254,1339,83.7,5.3,7,78,101,702,43.9,9,63,9.7,28,1,3,3,8,-1,3,147,885,48.8,1.1,7
2004, Rudi Johnson,2,CIN,16,361,1454,90.9,4,12,15,28,84,5.3,5.6,30,5.5,2,0,4,4,12,0,3,146,497,17.3,-0.5,3
2008, Rudi Johnson,6,DET,14,76,237,16.9,3.1,1,12,14,88,6.3,7.3,34,6.8,4,1,1,0,2,4,3,-94,-260,-28.3,0.2,-2
2007, Shaun Alexander,5,SEA,13,207,716,55.1,3.5,4,14,25,76,5.8,5.4,18,5.7,4,1,2,0,5,4,3,-45,-180,-34.5,-0.1,-3
2009, Steven Jackson,6,STL,15,324,1416,94.4,4.4,4,51,75,322,21.5,6.3,38,7.6,16,0,2,2,4,3,3,71,374,7.6,0.3,-3
2009, Willie Parker,6,PIT,14,98,389,27.8,4,0,6,7,64,4.6,10.7,27,8.5,2,1,2,1,1,3,3,-112,-402,-44.1,0.2,-5
2009, Willis McGahee,6,BAL,16,109,544,34,5,12,15,22,85,5.3,5.7,14,7.3,5,2,1,1,14,4,3,-61,-127,-17.6,1.1,5
2012, Adrian Peterson,6,MIN,16,348,2097,131.1,6,12,40,51,217,13.6,5.4,20,4.9,10,1,4,2,13,4,4,140,1127,50.3,1.3,0
2006, Corey Dillon,4,NWE,16,199,812,50.8,4.1,13,15,16,147,9.2,9.8,52,11.9,5,0,2,2,13,2,4,-10,79,-10.3,0.6,1
2006, Fred Taylor,4,JAC,15,231,1146,76.4,5,5,23,28,242,16.1,10.5,36,11.5,8,1,3,2,6,3,4,37,359,4.9,0.9,2
2004, Larry Johnson,2,KAN,10,120,581,58.1,4.8,9,22,29,278,27.8,12.6,40,12.9,13,2,0,0,11,-1,4,100,496,43.9,0.5,8
2008, Larry Johnson,6,KAN,12,193,874,72.8,4.5,5,12,16,74,6.2,6.2,20,10,3,0,5,1,5,3,4,35,315,2.9,1,2
2013, LeSean McCoy,5,PHI,16,314,1607,100.4,5.1,9,52,64,539,33.7,10.4,70,12,23,2,1,1,11,0,4,114,767,30.4,0.9,7
2006, Travis Henry,4,TEN,14,270,1211,86.5,4.5,7,18,25,78,5.6,4.3,12,6.2,2,0,3,1,7,3,4,182,876,53,0.7,7
2011, Frank Gore,7,SFO,16,282,1211,75.7,4.3,8,17,31,114,7.1,6.7,13,6.1,5,0,2,2,8,5,5,79,358,-1.8,0.1,5
2010, Michael Turner,7,ATL,16,334,1371,85.7,4.1,12,12,20,85,5.3,7.1,19,7.8,2,0,2,2,12,2,5,156,500,6.5,-0.8,2
2006, Cedric Benson,2,CHI,15,157,647,43.1,4.1,6,8,10,54,3.6,6.8,22,9.3,2,0,0,0,6,-3,6,90,375,12.9,0,6
2005, Larry Johnson,3,KAN,16,336,1750,109.4,5.2,20,33,49,343,21.4,10.4,36,11.4,13,1,5,4,21,0,6,216,1169,51.3,0.4,11
2005, Willie Parker,2,PIT,15,255,1202,80.1,4.7,4,18,24,218,14.5,12.1,48,13.7,9,1,4,0,5,-1,7,223,1016,56.8,-1.1,4
2007, Clinton Portis,5,WAS,16,325,1262,78.9,3.9,11,47,60,389,24.3,8.3,54,9.6,19,0,6,5,11,3,8,198,739,13.5,-0.2,4
2006, Ahman Green,4,GNB,14,266,1059,75.6,4,5,46,63,373,26.6,8.1,20,9.3,14,1,4,2,6,3,9,189,804,24.6,0.7,5
2013, Maurice Jones-Drew,8,JAC,15,234,803,53.5,3.4,5,43,60,314,20.9,7.3,17,7.7,13,0,1,1,5,4,9,148,389,-15.5,-1.4,4
2013, Rashard Mendenhall,6,ARI,15,217,687,45.8,3.2,8,18,21,134,8.9,7.4,24,9,5,0,4,3,8,3,9,166,505,15.5,-0.4,8
2010, Arian Foster,2,HOU,16,327,1616,101,4.9,16,66,84,604,37.8,9.2,50,9.6,34,2,3,2,18,0,10,273,1359,58.2,0.1,13
2006, Deuce McAllister,4,NOR,15,244,1057,70.5,4.3,10,30,36,198,13.2,6.6,24,6.9,8,0,3,1,10,3,10,151,722,3.5,0.7,7
2008, Deuce McAllister,6,NOR,13,107,418,32.2,3.9,5,18,23,128,9.8,7.1,20,9,5,1,0,0,6,5,10,83,326,1.5,0.1,5
2011, Marshawn Lynch,5,SEA,15,285,1204,80.3,4.2,12,28,41,212,14.1,7.6,26,8.1,8,1,3,2,13,-1,11,83,467,34.2,0.6,6
2005, Stephen Davis,3,CAR,13,180,549,42.2,3.1,12,5,12,45,3.5,9,21,6.6,3,0,2,0,12,2,11,156,457,-3.8,-0.7,12
2009, Rashard Mendenhall,2,PIT,16,242,1108,69.3,4.6,7,25,32,261,16.3,10.4,26,8.4,13,1,3,3,8,-1,12,223,1050,54.8,1.5,7
2011, Ryan Grant,5,GNB,15,134,559,37.3,4.2,2,19,24,268,17.9,14.1,80,14.6,10,1,1,1,3,3,14,126,514,-7.7,-1.4,2
2008, Ricky Williams,6,MIA,16,160,659,41.2,4.1,4,29,39,219,13.7,7.6,47,5.6,9,1,5,2,5,5,15,154,644,26.2,1.6,4
